[[[[  74.75900269   81.15424347  -13.50206089 ...    3.07421613
     -88.30847168  -77.60597229]
   [  63.50773239   81.22631073   -0.78543532 ...   14.60716915
     -65.50229645  -62.39150238]
   [  71.66365814   76.35163116   -8.08204174 ...    1.69825745
     -66.19307709  -48.29434586]
   ...
   [  58.88269806  110.96170807   36.75502777 ...   25.94512177
     -83.4521637   -96.60771942]
   [  65.50759888   91.69872284   11.69909954 ...    8.06597042
     -82.13864899  -77.25291443]
   [  66.91001892   87.16403961    2.31107616 ...   10.33413887
     -66.65511322  -66.51851654]]]


 [[[ -85.04611206  -28.84659958   87.10630798 ...  120.40718842
      64.69408417  -66.08109283]
   [ -76.38872528  -31.71484375   67.99704742 ...  107.9973526
      62.75708771  -55.00587845]
   [ -76.73183441  -17.66407394   79.23066711 ...  100.41035461
      43.68867111  -66.23646545]
   ...
   [ -91.63119507  -58.19889832   89.1214447  ...  118.34030914
      94.35019684  -58.34009171]
   [ -76.64862823  -45.47320938   71.8420105  ...  101.20929718
      73.10485077  -50.04340363]
   [ -73.37721252  -31.99006462   77.46764374 ...  119.85977173
      72.06848145  -66.85407257]]]


 [[[  90.23428345   61.78705597  -37.91600418 ...  -69.58267212
    -102.42378235   -5.81391811]
   [  74.44408417   51.9760704   -35.53422546 ...  -62.71114731
     -84.0163269     9.41719627]
   [  73.41631317   35.53466415  -46.74404144 ...  -69.99994659
     -75.24568939   24.31217194]
   ...
   [  81.62680054   73.11589813  -27.40932274 ...  -60.29030228
    -111.37130737  -11.65921593]
   [  73.69799805   56.97447968  -35.78794098 ...  -63.75139618
     -99.51029968   -2.31596494]
   [  79.82545471   50.39509201  -43.98134613 ...  -82.67973328
    -103.98619843    0.69984961]]]


 ...


 [[[ -62.053936    -95.35028076  -16.41180038 ...   37.90602875
     -69.77362823  -81.50003052]
   [ -53.25653458  -83.40911865   -5.51351404 ...   43.25021744
     -59.45069122  -73.59725189]
   [ -63.00151443  -86.67450714   -4.26432419 ...   34.99068069
     -65.87845612  -73.95313263]
   ...
   [ -57.81973648 -105.85282135  -19.51612473 ...   63.73577881
     -64.41892242  -95.13427734]
   [ -56.88444519  -92.35189056   -8.89522743 ...   52.244133
     -65.52607727  -88.0005722 ]
   [ -46.75595474  -79.79730988    6.25414419 ...   47.04244614
     -63.90315247  -77.14668274]]]


 [[[ -86.16246796  -32.60955048   63.79092026 ...   39.0747261
     -45.49531555  -80.47162628]
   [ -89.14722443  -30.67752266   72.05444336 ...   43.00765991
     -37.48442459  -74.42376709]
   [ -86.14878082  -22.41834831   77.30342865 ...   40.1101265
     -41.4194603   -75.72701263]
   ...
   [-106.43541718  -45.0716095    81.80776215 ...   63.86143112
     -34.97957993  -93.00065613]
   [ -99.0174942   -38.4642868    75.18704987 ...   53.29899216
     -36.14914703  -82.28966522]
   [-108.7203598   -48.52832413   68.61301422 ...   45.77293396
     -39.88008881  -80.20077515]]]


 [[[  21.01961517   90.72501373   22.20716858 ...   -3.48029876
     -87.81877899  -78.30018616]
   [  14.9732933    85.60075378   26.10607719 ...    7.52770519
     -79.66730499  -81.69213104]
   [  20.11721611   85.98640442   23.69286156 ...    2.51727986
     -74.03159332  -63.443367  ]
   ...
   [  10.28012753  105.01818085   44.48449326 ...   16.95464325
     -84.75592804  -84.38312531]
   [  14.98506165   93.97865295   31.79964256 ...    9.14579296
     -77.69726562  -69.74633026]
   [  15.17450047  100.11410522   35.12173843 ...   -9.85832596
     -97.86302185  -89.53605652]]]]
[0 0 0 0 0 0 0 0 0 0 1 1 1 1 1 1 1 1 1 1 1 1 1 1 1 1 1 1 1 1 0 0 0 0 0 0 0
 0 0 0 1 1 1 1 1 1 1 1 1 1 1 1 1 1 1 1 1 1 1 1 0 0 0 0 0 0 0 0 0 0 0 0 0 0
 0 0 0 0 0 0 1 1 1 1 1 1 1 1 1 1 1 1 1 1 1 1 1 1 1 1 0 0 0 0 0 0 0 0 0 0 0
 0 0 0 0 0 0 0 0 0]
{'left-hand': 0, 'right-hand': 1}
{'get_start': [0, 3], 'beep_sound': [2], 'cue': [3, 8], 'task_exec': [3, 8]}
['F3' 'FC3' 'C3' 'CP3' 'P3' 'FCz' 'CPz' 'F4' 'FC4' 'C4' 'CP4' 'P4']
512.0
0.0